1 1 1 1 1 1 1 1 1 2 1 2 1 1 1 2 1 2 1 1 1 1 2 2 2 2 1 1 2 1 2 1 1 1 1 
1 1 1 1 1 1 2 1 1 2 1 2 1 2 1 2 1 2 1 1 2 1 2 2 2 2 1 2 2 1 2 1 1 1 2 
1 1 1 1 1 2 1 1 1 2 1 2 2 1 1 2 1 2 1 2 1 1 2 2 2 2 2 1 2 1 2 1 1 2 1 
1 1 1 1 1 2 2 1 1 2 1 2 2 2 1 2 1 2 1 2 2 1 2 2 2 2 2 2 2 1 2 1 1 2 2 
1 1 1 1 2 1 1 1 1 2 2 1 1 1 1 2 1 2 2 1 1 2 1 1 1 1 1 1 2 1 2 1 2 1 1 
1 1 1 1 2 1 2 1 1 2 2 1 1 2 1 2 1 2 2 1 2 2 1 1 1 1 1 2 2 1 2 1 2 1 2 
1 1 1 1 2 2 1 1 1 2 2 1 2 1 1 2 1 2 2 2 1 2 1 1 1 1 2 1 2 1 2 1 2 2 1 
1 1 1 1 2 2 2 1 1 2 2 1 2 2 1 2 1 2 2 2 2 2 1 1 1 1 2 2 2 1 2 1 2 2 2 
1 1 1 2 1 1 1 1 1 2 2 2 1 1 1 2 2 1 1 1 1 2 1 1 1 2 1 1 2 1 2 2 1 1 1 
1 1 1 2 1 1 2 1 1 2 2 2 1 2 1 2 2 1 1 1 2 2 1 1 1 2 1 2 2 1 2 2 1 1 2 
1 1 1 2 1 2 1 1 1 2 2 2 2 1 1 2 2 1 1 2 1 2 1 1 1 2 2 1 2 1 2 2 1 2 1 
1 1 1 2 1 2 2 1 1 2 2 2 2 2 1 2 2 1 1 2 2 2 1 1 1 2 2 2 2 1 2 2 1 2 2 
1 1 1 2 2 1 1 1 2 1 1 1 1 1 1 2 2 1 2 1 1 2 1 1 2 1 1 1 2 1 2 2 2 1 1 
1 1 1 2 2 1 2 1 2 1 1 1 1 2 1 2 2 1 2 1 2 2 1 1 2 1 1 2 2 1 2 2 2 1 2 
1 1 1 2 2 2 1 1 2 1 1 1 2 1 1 2 2 1 2 2 1 2 1 1 2 1 2 1 2 1 2 2 2 2 1 
1 1 1 2 2 2 2 1 2 1 1 1 2 2 1 2 2 1 2 2 2 2 1 1 2 1 2 2 2 1 2 2 2 2 2 
1 1 2 1 1 1 1 1 2 1 1 2 1 1 1 2 2 2 1 1 1 2 1 1 2 2 1 1 2 2 1 1 1 1 1 
1 1 2 1 1 1 2 1 2 1 1 2 1 2 1 2 2 2 1 1 2 2 1 1 2 2 1 2 2 2 1 1 1 1 2 
1 1 2 1 1 2 1 1 2 1 1 2 2 1 1 2 2 2 1 2 1 2 1 1 2 2 2 1 2 2 1 1 1 2 1 
1 1 2 1 1 2 2 1 2 1 1 2 2 2 1 2 2 2 1 2 2 2 1 1 2 2 2 2 2 2 1 1 1 2 2 

 [ éüÉyÅ[ÉW ]
2 2 1 1 2 1 1 2 2 2 2 1 1 1                                           
2 2 1 1 2 1 2 2 2 2 2 1 1 2                                           
2 2 1 1 2 2 1 2 2 2 2 1 2 1                                           
2 2 1 1 2 2 2 2 2 2 2 1 2 2                                           
2 2 1 2 1 1 1 2 2 2 2 2 1 1                                           
2 2 1 2 1 1 2 2 2 2 2 2 1 2                                           
2 2 1 2 1 2 1 2 2 2 2 2 2 1                                           
2 2 1 2 1 2 2 2 2 2 2 2 2 2                                           
2 2 1 2 2 1 1                                                         
2 2 1 2 2 1 2                                                         
2 2 1 2 2 2 1                                                         
2 2 1 2 2 2 2                                                         
2 2 2 1 1 1 1                                                         
2 2 2 1 1 1 2                                                         
2 2 2 1 1 2 1                                                         
2 2 2 1 1 2 2                                                         
2 2 2 1 2 1 1                                                         
2 2 2 1 2 1 2                                                         
2 2 2 1 2 2 1                                                         
2 2 2 1 2 2 2                                                         
